route_id,service_id,trip_id,trip_headsign,trip_short_name,direction_id,block_id,shape_id,wheelchair_accessible,bikes_allowed,jp_trip_desc,jp_trip_desc_symbol,jp_office_id
100110,weekday,100110_weekday_1,,,0,,6859990,0,0,,,
100310,weekday,100310_weekday_1,,,0,,6860091,0,0,,,
100700,weekday,100700_weekday_1,,,1,,6860195,0,0,,,
100710,weekday,100710_weekday_1,,,0,,6860194,0,0,,,
100710,weekday,100710_weekday_2,,,0,,6860194,0,0,,,
101110,weekday,101110_weekday_1,,,0,,6944511,0,0,,,
101500,weekday,101500_weekday_1,,,1,,6928389,0,0,,,
101500,weekday,101500_weekday_2,,,1,,6928389,0,0,,,
101500,weekday,101500_weekday_3,,,1,,6928389,0,0,,,
101500,weekday,101500_weekday_4,,,1,,6928389,0,0,,,
101510,weekday,101510_weekday_1,,,0,,6928388,0,0,,,
101510,weekday,101510_weekday_2,,,0,,6928388,0,0,,,
101510,weekday,101510_weekday_3,,,0,,6928388,0,0,,,
101510,weekday,101510_weekday_4,,,0,,6928388,0,0,,,
102300,weekday,102300_weekday_1,,,1,,6859991,0,0,,,
104100,weekday,104100_weekday_1,,,1,,6944397,0,0,,,
104110,weekday,104110_weekday_1,,,0,,6944398,0,0,,,
104300,weekday,104300_weekday_1,,,1,,6948677,0,0,,,
104300,weekday,104300_weekday_2,,,1,,6948677,0,0,,,
104300,weekday,104300_weekday_3,,,1,,6948677,0,0,,,
104300,weekday,104300_weekday_4,,,1,,6948677,0,0,,,
104300,weekday,104300_weekday_5,,,1,,6948677,0,0,,,
104300,weekday,104300_weekday_6,,,1,,6948677,0,0,,,
104300,weekday,104300_weekday_7,,,1,,6948677,0,0,,,
104300,weekday,104300_weekday_8,,,1,,6948677,0,0,,,
104300,weekday,104300_weekday_9,,,1,,6948677,0,0,,,
104300,weekday,104300_weekday_10,,,1,,6948677,0,0,,,
104300,weekday,104300_weekday_11,,,1,,6948677,0,0,,,
104300,weekday,104300_weekday_12,,,1,,6948677,0,0,,,
104300,weekday,104300_weekday_13,,,1,,6948677,0,0,,,
104300,weekday,104300_weekday_14,,,1,,6948677,0,0,,,
104310,weekday,104310_weekday_1,,,0,,6948676,0,0,,,
104310,weekday,104310_weekday_2,,,0,,6948676,0,0,,,
104310,weekday,104310_weekday_3,,,0,,6948676,0,0,,,
104310,weekday,104310_weekday_4,,,0,,6948676,0,0,,,
104310,weekday,104310_weekday_5,,,0,,6948676,0,0,,,
104310,weekday,104310_weekday_6,,,0,,6948676,0,0,,,
104310,weekday,104310_weekday_7,,,0,,6948676,0,0,,,
104310,weekday,104310_weekday_8,,,0,,6948676,0,0,,,
104310,weekday,104310_weekday_9,,,0,,6948676,0,0,,,
104310,weekday,104310_weekday_10,,,0,,6948676,0,0,,,
104310,weekday,104310_weekday_11,,,0,,6948676,0,0,,,
106700,weekday,106700_weekday_1,,,1,,6803507,0,0,,,
106700,weekday,106700_weekday_2,,,1,,6803507,0,0,,,
106700,weekday,106700_weekday_3,,,1,,6803507,0,0,,,
106700,weekday,106700_weekday_4,,,1,,6803507,0,0,,,
106700,weekday,106700_weekday_5,,,1,,6803507,0,0,,,
106700,weekday,106700_weekday_6,,,1,,6803507,0,0,,,
106700,weekday,106700_weekday_7,,,1,,6803507,0,0,,,
106700,weekday,106700_weekday_8,,,1,,6803507,0,0,,,
106700,weekday,106700_weekday_9,,,1,,6803507,0,0,,,
106700,weekday,106700_weekday_10,,,1,,6803507,0,0,,,
106810,weekday,106810_weekday_1,,,0,,6815725,0,0,,,
106810,weekday,106810_weekday_2,,,0,,6815725,0,0,,,
106810,weekday,106810_weekday_3,,,0,,6815725,0,0,,,
106810,weekday,106810_weekday_4,,,0,,6815725,0,0,,,
106810,weekday,106810_weekday_5,,,0,,6815725,0,0,,,
106810,weekday,106810_weekday_6,,,0,,6815725,0,0,,,
106810,weekday,106810_weekday_7,,,0,,6815725,0,0,,,
106810,weekday,106810_weekday_8,,,0,,6815725,0,0,,,
106900,weekday,106900_weekday_1,,,1,,6936664,0,0,,,
106900,weekday,106900_weekday_2,,,1,,6936664,0,0,,,
106900,weekday,106900_weekday_3,,,1,,6936664,0,0,,,
106900,weekday,106900_weekday_4,,,1,,6936664,0,0,,,
106900,weekday,106900_weekday_5,,,1,,6936664,0,0,,,
106900,weekday,106900_weekday_6,,,1,,6936664,0,0,,,
106900,weekday,106900_weekday_7,,,1,,6936664,0,0,,,
106900,weekday,106900_weekday_8,,,1,,6936664,0,0,,,
106900,weekday,106900_weekday_9,,,1,,6936664,0,0,,,
106900,weekday,106900_weekday_10,,,1,,6936664,0,0,,,
106900,weekday,106900_weekday_11,,,1,,6936664,0,0,,,
106900,weekday,106900_weekday_12,,,1,,6936664,0,0,,,
106900,weekday,106900_weekday_13,,,1,,6936664,0,0,,,
106900,weekday,106900_weekday_14,,,1,,6936664,0,0,,,
106910,weekday,106910_weekday_1,,,0,,6936661,0,0,,,
106910,weekday,106910_weekday_2,,,0,,6936661,0,0,,,
106910,weekday,106910_weekday_3,,,0,,6936661,0,0,,,
106910,weekday,106910_weekday_4,,,0,,6936661,0,0,,,
106910,weekday,106910_weekday_5,,,0,,6936661,0,0,,,
106910,weekday,106910_weekday_6,,,0,,6936661,0,0,,,
106910,weekday,106910_weekday_7,,,0,,6936661,0,0,,,
106910,weekday,106910_weekday_8,,,0,,6936661,0,0,,,
106910,weekday,106910_weekday_9,,,0,,6936661,0,0,,,
106910,weekday,106910_weekday_10,,,0,,6936661,0,0,,,
106910,weekday,106910_weekday_11,,,0,,6936661,0,0,,,
106910,weekday,106910_weekday_12,,,0,,6936661,0,0,,,
106910,weekday,106910_weekday_13,,,0,,6936661,0,0,,,
107000,weekday,107000_weekday_1,,,1,,6936663,0,0,,,
107000,weekday,107000_weekday_2,,,1,,6936663,0,0,,,
107010,weekday,107010_weekday_1,,,0,,6936662,0,0,,,
107010,weekday,107010_weekday_2,,,0,,6936662,0,0,,,
107100,weekday,107100_weekday_1,,,1,,6941021,0,0,,,
107100,weekday,107100_weekday_2,,,1,,6941021,0,0,,,
107100,weekday,107100_weekday_3,,,1,,6941021,0,0,,,
107100,weekday,107100_weekday_4,,,1,,6941021,0,0,,,
107100,weekday,107100_weekday_5,,,1,,6941021,0,0,,,
107100,weekday,107100_weekday_6,,,1,,6941021,0,0,,,
107100,weekday,107100_weekday_7,,,1,,6941021,0,0,,,
107100,weekday,107100_weekday_8,,,1,,6941021,0,0,,,
107100,weekday,107100_weekday_9,,,1,,6941021,0,0,,,
107100,weekday,107100_weekday_10,,,1,,6941021,0,0,,,
107100,weekday,107100_weekday_11,,,1,,6941021,0,0,,,
107110,weekday,107110_weekday_1,,,0,,6941017,0,0,,,
107110,weekday,107110_weekday_2,,,0,,6941017,0,0,,,
107110,weekday,107110_weekday_3,,,0,,6941017,0,0,,,
107110,weekday,107110_weekday_4,,,0,,6941017,0,0,,,
107110,weekday,107110_weekday_5,,,0,,6941017,0,0,,,
107110,weekday,107110_weekday_6,,,0,,6941017,0,0,,,
107110,weekday,107110_weekday_7,,,0,,6941017,0,0,,,
107110,weekday,107110_weekday_8,,,0,,6941017,0,0,,,
107110,weekday,107110_weekday_9,,,0,,6941017,0,0,,,
107110,weekday,107110_weekday_10,,,0,,6941017,0,0,,,
107110,weekday,107110_weekday_11,,,0,,6941017,0,0,,,
107200,weekday,107200_weekday_1,,,1,,6941020,0,0,,,
107200,weekday,107200_weekday_2,,,1,,6941020,0,0,,,
107210,weekday,107210_weekday_1,,,0,,6941019,0,0,,,
107210,weekday,107210_weekday_2,,,0,,6941019,0,0,,,
107600,weekday,107600_weekday_1,,,1,,6948751,0,0,,,
107600,weekday,107600_weekday_2,,,1,,6948751,0,0,,,
107600,weekday,107600_weekday_3,,,1,,6948751,0,0,,,
107600,weekday,107600_weekday_4,,,1,,6948751,0,0,,,
107600,weekday,107600_weekday_5,,,1,,6948751,0,0,,,
107600,weekday,107600_weekday_6,,,1,,6948751,0,0,,,
107600,weekday,107600_weekday_7,,,1,,6948751,0,0,,,
107600,weekday,107600_weekday_8,,,1,,6948751,0,0,,,
107600,weekday,107600_weekday_9,,,1,,6948751,0,0,,,
107610,weekday,107610_weekday_1,,,0,,6948750,0,0,,,
107610,weekday,107610_weekday_2,,,0,,6948750,0,0,,,
107610,weekday,107610_weekday_3,,,0,,6948750,0,0,,,
107610,weekday,107610_weekday_4,,,0,,6948750,0,0,,,
107610,weekday,107610_weekday_5,,,0,,6948750,0,0,,,
107610,weekday,107610_weekday_6,,,0,,6948750,0,0,,,
107610,weekday,107610_weekday_7,,,0,,6948750,0,0,,,
107610,weekday,107610_weekday_8,,,0,,6948750,0,0,,,
107610,weekday,107610_weekday_9,,,0,,6948750,0,0,,,
107700,weekday,107700_weekday_1,,,1,,6936829,0,0,,,
107700,weekday,107700_weekday_2,,,1,,6936829,0,0,,,
107700,weekday,107700_weekday_3,,,1,,6936829,0,0,,,
107700,weekday,107700_weekday_4,,,1,,6936829,0,0,,,
107700,weekday,107700_weekday_5,,,1,,6936829,0,0,,,
107710,weekday,107710_weekday_1,,,0,,6936828,0,0,,,
107710,weekday,107710_weekday_2,,,0,,6936828,0,0,,,
107710,weekday,107710_weekday_3,,,0,,6936828,0,0,,,
107710,weekday,107710_weekday_4,,,0,,6936828,0,0,,,
107810,weekday,107810_weekday_1,,,0,,6936827,0,0,,,
107810,weekday,107810_weekday_2,,,0,,6936827,0,0,,,
108500,weekday,108500_weekday_1,,,1,,6948831,0,0,,,
108500,weekday,108500_weekday_2,,,1,,6948831,0,0,,,
108510,weekday,108510_weekday_1,,,0,,6948830,0,0,,,
108700,weekday,108700_weekday_1,,,1,,6944403,0,0,,,
108700,weekday,108700_weekday_2,,,1,,6944403,0,0,,,
108700,weekday,108700_weekday_3,,,1,,6944403,0,0,,,
108700,weekday,108700_weekday_4,,,1,,6944403,0,0,,,
108700,weekday,108700_weekday_5,,,1,,6944403,0,0,,,
108700,weekday,108700_weekday_6,,,1,,6944403,0,0,,,
108700,weekday,108700_weekday_7,,,1,,6944403,0,0,,,
108700,weekday,108700_weekday_8,,,1,,6944403,0,0,,,
108700,weekday,108700_weekday_9,,,1,,6944403,0,0,,,
108700,weekday,108700_weekday_10,,,1,,6944403,0,0,,,
108710,weekday,108710_weekday_1,,,0,,6944399,0,0,,,
108710,weekday,108710_weekday_2,,,0,,6944399,0,0,,,
108710,weekday,108710_weekday_3,,,0,,6944399,0,0,,,
108710,weekday,108710_weekday_4,,,0,,6944399,0,0,,,
108710,weekday,108710_weekday_5,,,0,,6944399,0,0,,,
108710,weekday,108710_weekday_6,,,0,,6944399,0,0,,,
108710,weekday,108710_weekday_7,,,0,,6944399,0,0,,,
108710,weekday,108710_weekday_8,,,0,,6944399,0,0,,,
108710,weekday,108710_weekday_9,,,0,,6944399,0,0,,,
108710,weekday,108710_weekday_10,,,0,,6944399,0,0,,,
108800,weekday,108800_weekday_1,,,1,,6944402,0,0,,,
108800,weekday,108800_weekday_2,,,1,,6944402,0,0,,,
108800,weekday,108800_weekday_3,,,1,,6944402,0,0,,,
108800,weekday,108800_weekday_4,,,1,,6944402,0,0,,,
108810,weekday,108810_weekday_1,,,0,,6944400,0,0,,,
108810,weekday,108810_weekday_2,,,0,,6944400,0,0,,,
108810,weekday,108810_weekday_3,,,0,,6944400,0,0,,,
108810,weekday,108810_weekday_4,,,0,,6944400,0,0,,,
108810,weekday,108810_weekday_5,,,0,,6944400,0,0,,,
109000,weekday,109000_weekday_1,,,1,,6928275,0,0,,,
109000,weekday,109000_weekday_2,,,1,,6928275,0,0,,,
109000,weekday,109000_weekday_3,,,1,,6928275,0,0,,,
109000,weekday,109000_weekday_4,,,1,,6928275,0,0,,,
109010,weekday,109010_weekday_1,,,0,,6928274,0,0,,,
109010,weekday,109010_weekday_2,,,0,,6928274,0,0,,,
109010,weekday,109010_weekday_3,,,0,,6928274,0,0,,,
109100,weekday,109100_weekday_1,,,1,,6861834,0,0,,,
109100,weekday,109100_weekday_2,,,1,,6861834,0,0,,,
109100,weekday,109100_weekday_3,,,1,,6861834,0,0,,,
109100,weekday,109100_weekday_4,,,1,,6861834,0,0,,,
109100,weekday,109100_weekday_5,,,1,,6861834,0,0,,,
109110,weekday,109110_weekday_1,,,0,,6861835,0,0,,,
109110,weekday,109110_weekday_2,,,0,,6861835,0,0,,,
109110,weekday,109110_weekday_3,,,0,,6861835,0,0,,,
109110,weekday,109110_weekday_4,,,0,,6861835,0,0,,,
109110,weekday,109110_weekday_5,,,0,,6861835,0,0,,,
109200,weekday,109200_weekday_1,,,1,,6861869,0,0,,,
109200,weekday,109200_weekday_2,,,1,,6861869,0,0,,,
109200,weekday,109200_weekday_3,,,1,,6861869,0,0,,,
109200,weekday,109200_weekday_4,,,1,,6861869,0,0,,,
109200,weekday,109200_weekday_5,,,1,,6861869,0,0,,,
109200,weekday,109200_weekday_6,,,1,,6861869,0,0,,,
109210,weekday,109210_weekday_1,,,0,,6861867,0,0,,,
109210,weekday,109210_weekday_2,,,0,,6861867,0,0,,,
109210,weekday,109210_weekday_3,,,0,,6861867,0,0,,,
109210,weekday,109210_weekday_4,,,0,,6861867,0,0,,,
109210,weekday,109210_weekday_5,,,0,,6861867,0,0,,,
109220,weekday,109220_weekday_1,,,0,,6861868,0,0,,,
110100,weekday,110100_weekday_1,,,1,,6862612,0,0,,,
110100,weekday,110100_weekday_2,,,1,,6862612,0,0,,,
110100,weekday,110100_weekday_3,,,1,,6862612,0,0,,,
110100,weekday,110100_weekday_4,,,1,,6862612,0,0,,,
110100,weekday,110100_weekday_5,,,1,,6862612,0,0,,,
110100,weekday,110100_weekday_6,,,1,,6862612,0,0,,,
110100,weekday,110100_weekday_7,,,1,,6862612,0,0,,,
110100,weekday,110100_weekday_8,,,1,,6862612,0,0,,,
110100,weekday,110100_weekday_9,,,1,,6862612,0,0,,,
110100,weekday,110100_weekday_10,,,1,,6862612,0,0,,,
110100,weekday,110100_weekday_11,,,1,,6862612,0,0,,,
110100,weekday,110100_weekday_12,,,1,,6862612,0,0,,,
110100,weekday,110100_weekday_13,,,1,,6862612,0,0,,,
110100,weekday,110100_weekday_14,,,1,,6862612,0,0,,,
110110,weekday,110110_weekday_1,,,0,,6862611,0,0,,,
110110,weekday,110110_weekday_2,,,0,,6862611,0,0,,,
110110,weekday,110110_weekday_3,,,0,,6862611,0,0,,,
110110,weekday,110110_weekday_4,,,0,,6862611,0,0,,,
110110,weekday,110110_weekday_5,,,0,,6862611,0,0,,,
110110,weekday,110110_weekday_6,,,0,,6862611,0,0,,,
110110,weekday,110110_weekday_7,,,0,,6862611,0,0,,,
110110,weekday,110110_weekday_8,,,0,,6862611,0,0,,,
110110,weekday,110110_weekday_9,,,0,,6862611,0,0,,,
110110,weekday,110110_weekday_10,,,0,,6862611,0,0,,,
110110,weekday,110110_weekday_11,,,0,,6862611,0,0,,,
110110,weekday,110110_weekday_12,,,0,,6862611,0,0,,,
110200,weekday,110200_weekday_1,,,1,,6862667,0,0,,,
110200,weekday,110200_weekday_2,,,1,,6862667,0,0,,,
110200,weekday,110200_weekday_3,,,1,,6862667,0,0,,,
110200,weekday,110200_weekday_4,,,1,,6862667,0,0,,,
110200,weekday,110200_weekday_5,,,1,,6862667,0,0,,,
110200,weekday,110200_weekday_6,,,1,,6862667,0,0,,,
110200,weekday,110200_weekday_7,,,1,,6862667,0,0,,,
110200,weekday,110200_weekday_8,,,1,,6862667,0,0,,,
110200,weekday,110200_weekday_9,,,1,,6862667,0,0,,,
110200,weekday,110200_weekday_10,,,1,,6862667,0,0,,,
110200,weekday,110200_weekday_11,,,1,,6862667,0,0,,,
110200,weekday,110200_weekday_12,,,1,,6862667,0,0,,,
110200,weekday,110200_weekday_13,,,1,,6862667,0,0,,,
110210,weekday,110210_weekday_1,,,0,,6862666,0,0,,,
110210,weekday,110210_weekday_2,,,0,,6862666,0,0,,,
110210,weekday,110210_weekday_3,,,0,,6862666,0,0,,,
110210,weekday,110210_weekday_4,,,0,,6862666,0,0,,,
110210,weekday,110210_weekday_5,,,0,,6862666,0,0,,,
110210,weekday,110210_weekday_6,,,0,,6862666,0,0,,,
110210,weekday,110210_weekday_7,,,0,,6862666,0,0,,,
110210,weekday,110210_weekday_8,,,0,,6862666,0,0,,,
110210,weekday,110210_weekday_9,,,0,,6862666,0,0,,,
110210,weekday,110210_weekday_10,,,0,,6862666,0,0,,,
110210,weekday,110210_weekday_11,,,0,,6862666,0,0,,,
110210,weekday,110210_weekday_12,,,0,,6862666,0,0,,,
110210,weekday,110210_weekday_13,,,0,,6862666,0,0,,,
110210,weekday,110210_weekday_14,,,0,,6862666,0,0,,,
110210,weekday,110210_weekday_15,,,0,,6862666,0,0,,,
110300,weekday,110300_weekday_1,,,1,,6928215,0,0,,,
110300,weekday,110300_weekday_2,,,1,,6928215,0,0,,,
110300,weekday,110300_weekday_3,,,1,,6928215,0,0,,,
110310,weekday,110310_weekday_1,,,0,,6928214,0,0,,,
110310,weekday,110310_weekday_2,,,0,,6928214,0,0,,,
110310,weekday,110310_weekday_3,,,0,,6928214,0,0,,,
112110,weekday,112110_weekday_1,,,0,,6862687,0,0,,,
113700,weekday,113700_weekday_1,,,1,,6948829,0,0,,,
113700,weekday,113700_weekday_2,,,1,,6948829,0,0,,,
113700,weekday,113700_weekday_3,,,1,,6948829,0,0,,,
113710,weekday,113710_weekday_1,,,0,,6948828,0,0,,,
113710,weekday,113710_weekday_2,,,0,,6948828,0,0,,,
113710,weekday,113710_weekday_3,,,0,,6948828,0,0,,,
113710,weekday,113710_weekday_4,,,0,,6948828,0,0,,,
113710,weekday,113710_weekday_5,,,0,,6948828,0,0,,,
119010,weekday,119010_weekday_1,,,0,,6941013,0,0,,,
119010,weekday,119010_weekday_2,,,0,,6941013,0,0,,,
120000,weekday,120000_weekday_1,,,1,,6825710,0,0,,,
120000,weekday,120000_weekday_2,,,1,,6825710,0,0,,,
120200,weekday,120200_weekday_1,,,1,,6860319,0,0,,,
120200,weekday,120200_weekday_2,,,1,,6860319,0,0,,,
120400,weekday,120400_weekday_1,,,1,,6928292,0,0,,,
130100,weekday,130100_weekday_1,,,1,,6815582,0,0,,,
130100,weekday,130100_weekday_2,,,1,,6815582,0,0,,,
130100,weekday,130100_weekday_3,,,1,,6815582,0,0,,,
130100,weekday,130100_weekday_4,,,1,,6815582,0,0,,,
130100,weekday,130100_weekday_5,,,1,,6815582,0,0,,,
130100,weekday,130100_weekday_6,,,1,,6815582,0,0,,,
130100,weekday,130100_weekday_7,,,1,,6815582,0,0,,,
130100,weekday,130100_weekday_8,,,1,,6815582,0,0,,,
130100,weekday,130100_weekday_9,,,1,,6815582,0,0,,,
130100,weekday,130100_weekday_10,,,1,,6815582,0,0,,,
130110,weekday,130110_weekday_1,,,0,,6815747,0,0,,,
130110,weekday,130110_weekday_2,,,0,,6815747,0,0,,,
130110,weekday,130110_weekday_3,,,0,,6815747,0,0,,,
130110,weekday,130110_weekday_4,,,0,,6815747,0,0,,,
130110,weekday,130110_weekday_5,,,0,,6815747,0,0,,,
130110,weekday,130110_weekday_6,,,0,,6815747,0,0,,,
130110,weekday,130110_weekday_7,,,0,,6815747,0,0,,,
130110,weekday,130110_weekday_8,,,0,,6815747,0,0,,,
130110,weekday,130110_weekday_9,,,0,,6815747,0,0,,,
130110,weekday,130110_weekday_10,,,0,,6815747,0,0,,,
130200,weekday,130200_weekday_1,,,1,,6815627,0,0,,,
130210,weekday,130210_weekday_1,,,0,,6815753,0,0,,,
130300,weekday,130300_weekday_1,,,1,,6815637,0,0,,,
130300,weekday,130300_weekday_2,,,1,,6815637,0,0,,,
130310,weekday,130310_weekday_1,,,0,,6815765,0,0,,,
130310,weekday,130310_weekday_2,,,0,,6815765,0,0,,,
130500,weekday,130500_weekday_1,,,1,,6815644,0,0,,,
130510,weekday,130510_weekday_1,,,0,,6817346,0,0,,,
130600,weekday,130600_weekday_1,,,1,,6804984,0,0,,,
130600,weekday,130600_weekday_2,,,1,,6804984,0,0,,,
130600,weekday,130600_weekday_3,,,1,,6804984,0,0,,,
130610,weekday,130610_weekday_1,,,0,,6815708,0,0,,,
130610,weekday,130610_weekday_2,,,0,,6815708,0,0,,,
130610,weekday,130610_weekday_3,,,0,,6815708,0,0,,,
130700,weekday,130700_weekday_1,,,1,,6815672,0,0,,,
130710,weekday,130710_weekday_1,,,0,,6817343,0,0,,,
130800,weekday,130800_weekday_1,,,1,,6815582,0,0,,,
130810,weekday,130810_weekday_1,,,0,,6815747,0,0,,,
130900,weekday,130900_weekday_1,,,1,,6822618,0,0,,,
130900,weekday,130900_weekday_2,,,1,,6822618,0,0,,,
130900,weekday,130900_weekday_3,,,1,,6822618,0,0,,,
130900,weekday,130900_weekday_4,,,1,,6822618,0,0,,,
130900,weekday,130900_weekday_5,,,1,,6822618,0,0,,,
130900,weekday,130900_weekday_6,,,1,,6822618,0,0,,,
130900,weekday,130900_weekday_7,,,1,,6822618,0,0,,,
130900,weekday,130900_weekday_8,,,1,,6822618,0,0,,,
130900,weekday,130900_weekday_9,,,1,,6822618,0,0,,,
130900,weekday,130900_weekday_10,,,1,,6822618,0,0,,,
130900,weekday,130900_weekday_11,,,1,,6822618,0,0,,,
131100,weekday,131100_weekday_1,,,1,,6948717,0,0,,,
131100,weekday,131100_weekday_2,,,1,,6948717,0,0,,,
131100,weekday,131100_weekday_3,,,1,,6948717,0,0,,,
131100,weekday,131100_weekday_4,,,1,,6948717,0,0,,,
131100,weekday,131100_weekday_5,,,1,,6948717,0,0,,,
131100,weekday,131100_weekday_6,,,1,,6948717,0,0,,,
131100,weekday,131100_weekday_7,,,1,,6948717,0,0,,,
131100,weekday,131100_weekday_8,,,1,,6948717,0,0,,,
131100,weekday,131100_weekday_9,,,1,,6948717,0,0,,,
131100,weekday,131100_weekday_10,,,1,,6948717,0,0,,,
131110,weekday,131110_weekday_1,,,0,,6948716,0,0,,,
131110,weekday,131110_weekday_2,,,0,,6948716,0,0,,,
131110,weekday,131110_weekday_3,,,0,,6948716,0,0,,,
131110,weekday,131110_weekday_4,,,0,,6948716,0,0,,,
131110,weekday,131110_weekday_5,,,0,,6948716,0,0,,,
131110,weekday,131110_weekday_6,,,0,,6948716,0,0,,,
131110,weekday,131110_weekday_7,,,0,,6948716,0,0,,,
131110,weekday,131110_weekday_8,,,0,,6948716,0,0,,,
131110,weekday,131110_weekday_9,,,0,,6948716,0,0,,,
131110,weekday,131110_weekday_10,,,0,,6948716,0,0,,,
131110,weekday,131110_weekday_11,,,0,,6948716,0,0,,,
131500,weekday,131500_weekday_1,,,1,,6860093,0,0,,,
131610,weekday,131610_weekday_1,,,0,,6859989,0,0,,,
131700,weekday,131700_weekday_1,,,1,,6825624,0,0,,,
132200,weekday,132200_weekday_1,,,1,,6932506,0,0,,,
132200,weekday,132200_weekday_2,,,1,,6932506,0,0,,,
132200,weekday,132200_weekday_3,,,1,,6932506,0,0,,,
132200,weekday,132200_weekday_4,,,1,,6932506,0,0,,,
132200,weekday,132200_weekday_5,,,1,,6932506,0,0,,,
132200,weekday,132200_weekday_6,,,1,,6932506,0,0,,,
132200,weekday,132200_weekday_7,,,1,,6932506,0,0,,,
132200,weekday,132200_weekday_8,,,1,,6932506,0,0,,,
132200,weekday,132200_weekday_9,,,1,,6932506,0,0,,,
132200,weekday,132200_weekday_10,,,1,,6932506,0,0,,,
132200,weekday,132200_weekday_11,,,1,,6932506,0,0,,,
132200,weekday,132200_weekday_12,,,1,,6932506,0,0,,,
132200,weekday,132200_weekday_13,,,1,,6932506,0,0,,,
132200,weekday,132200_weekday_14,,,1,,6932506,0,0,,,
132200,weekday,132200_weekday_15,,,1,,6932506,0,0,,,
132210,weekday,132210_weekday_1,,,0,,6932505,0,0,,,
132210,weekday,132210_weekday_2,,,0,,6932505,0,0,,,
132210,weekday,132210_weekday_3,,,0,,6932505,0,0,,,
132210,weekday,132210_weekday_4,,,0,,6932505,0,0,,,
132210,weekday,132210_weekday_5,,,0,,6932505,0,0,,,
132210,weekday,132210_weekday_6,,,0,,6932505,0,0,,,
132210,weekday,132210_weekday_7,,,0,,6932505,0,0,,,
132210,weekday,132210_weekday_8,,,0,,6932505,0,0,,,
132210,weekday,132210_weekday_9,,,0,,6932505,0,0,,,
132210,weekday,132210_weekday_10,,,0,,6932505,0,0,,,
132210,weekday,132210_weekday_11,,,0,,6932505,0,0,,,
132210,weekday,132210_weekday_12,,,0,,6932505,0,0,,,
132210,weekday,132210_weekday_13,,,0,,6932505,0,0,,,
132210,weekday,132210_weekday_14,,,0,,6932505,0,0,,,
132210,weekday,132210_weekday_15,,,0,,6932505,0,0,,,
132210,weekday,132210_weekday_16,,,0,,6932505,0,0,,,
132610,weekday,132610_weekday_1,,,0,,6860092,0,0,,,
100100,weekend,100100_weekend_1,,,1,,6906204,0,0,,,
100310,weekend,100310_weekend_1,,,0,,6860091,0,0,,,
100710,weekend,100710_weekend_1,,,0,,6860194,0,0,,,
100710,weekend,100710_weekend_2,,,0,,6860194,0,0,,,
101110,weekend,101110_weekend_1,,,0,,6944511,0,0,,,
101500,weekend,101500_weekend_1,,,1,,6928389,0,0,,,
101500,weekend,101500_weekend_2,,,1,,6928389,0,0,,,
101500,weekend,101500_weekend_3,,,1,,6928389,0,0,,,
101510,weekend,101510_weekend_1,,,0,,6928388,0,0,,,
101510,weekend,101510_weekend_2,,,0,,6928388,0,0,,,
101510,weekend,101510_weekend_3,,,0,,6928388,0,0,,,
101510,weekend,101510_weekend_4,,,0,,6928388,0,0,,,
104100,weekend,104100_weekend_1,,,1,,6944397,0,0,,,
104300,weekend,104300_weekend_1,,,1,,6948677,0,0,,,
104300,weekend,104300_weekend_2,,,1,,6948677,0,0,,,
104300,weekend,104300_weekend_3,,,1,,6948677,0,0,,,
104300,weekend,104300_weekend_4,,,1,,6948677,0,0,,,
104300,weekend,104300_weekend_5,,,1,,6948677,0,0,,,
104300,weekend,104300_weekend_6,,,1,,6948677,0,0,,,
104300,weekend,104300_weekend_7,,,1,,6948677,0,0,,,
104300,weekend,104300_weekend_8,,,1,,6948677,0,0,,,
104300,weekend,104300_weekend_9,,,1,,6948677,0,0,,,
104300,weekend,104300_weekend_10,,,1,,6948677,0,0,,,
104300,weekend,104300_weekend_11,,,1,,6948677,0,0,,,
104310,weekend,104310_weekend_1,,,0,,6948676,0,0,,,
104310,weekend,104310_weekend_2,,,0,,6948676,0,0,,,
104310,weekend,104310_weekend_3,,,0,,6948676,0,0,,,
104310,weekend,104310_weekend_4,,,0,,6948676,0,0,,,
104310,weekend,104310_weekend_5,,,0,,6948676,0,0,,,
104310,weekend,104310_weekend_6,,,0,,6948676,0,0,,,
104310,weekend,104310_weekend_7,,,0,,6948676,0,0,,,
104310,weekend,104310_weekend_8,,,0,,6948676,0,0,,,
104310,weekend,104310_weekend_9,,,0,,6948676,0,0,,,
104310,weekend,104310_weekend_10,,,0,,6948676,0,0,,,
106700,weekend,106700_weekend_1,,,1,,6803507,0,0,,,
106700,weekend,106700_weekend_2,,,1,,6803507,0,0,,,
106700,weekend,106700_weekend_3,,,1,,6803507,0,0,,,
106700,weekend,106700_weekend_4,,,1,,6803507,0,0,,,
106700,weekend,106700_weekend_5,,,1,,6803507,0,0,,,
106700,weekend,106700_weekend_6,,,1,,6803507,0,0,,,
106700,weekend,106700_weekend_7,,,1,,6803507,0,0,,,
106700,weekend,106700_weekend_8,,,1,,6803507,0,0,,,
106700,weekend,106700_weekend_9,,,1,,6803507,0,0,,,
106700,weekend,106700_weekend_10,,,1,,6803507,0,0,,,
106700,weekend,106700_weekend_11,,,1,,6803507,0,0,,,
106810,weekend,106810_weekend_1,,,0,,6815725,0,0,,,
106810,weekend,106810_weekend_2,,,0,,6815725,0,0,,,
106810,weekend,106810_weekend_3,,,0,,6815725,0,0,,,
106810,weekend,106810_weekend_4,,,0,,6815725,0,0,,,
106810,weekend,106810_weekend_5,,,0,,6815725,0,0,,,
106810,weekend,106810_weekend_6,,,0,,6815725,0,0,,,
106810,weekend,106810_weekend_7,,,0,,6815725,0,0,,,
106810,weekend,106810_weekend_8,,,0,,6815725,0,0,,,
106810,weekend,106810_weekend_9,,,0,,6815725,0,0,,,
106900,weekend,106900_weekend_1,,,1,,6936664,0,0,,,
106900,weekend,106900_weekend_2,,,1,,6936664,0,0,,,
106900,weekend,106900_weekend_3,,,1,,6936664,0,0,,,
106900,weekend,106900_weekend_4,,,1,,6936664,0,0,,,
106900,weekend,106900_weekend_5,,,1,,6936664,0,0,,,
106900,weekend,106900_weekend_6,,,1,,6936664,0,0,,,
106900,weekend,106900_weekend_7,,,1,,6936664,0,0,,,
106900,weekend,106900_weekend_8,,,1,,6936664,0,0,,,
106900,weekend,106900_weekend_9,,,1,,6936664,0,0,,,
106900,weekend,106900_weekend_10,,,1,,6936664,0,0,,,
106900,weekend,106900_weekend_11,,,1,,6936664,0,0,,,
106900,weekend,106900_weekend_12,,,1,,6936664,0,0,,,
106900,weekend,106900_weekend_13,,,1,,6936664,0,0,,,
106910,weekend,106910_weekend_1,,,0,,6936661,0,0,,,
106910,weekend,106910_weekend_2,,,0,,6936661,0,0,,,
106910,weekend,106910_weekend_3,,,0,,6936661,0,0,,,
106910,weekend,106910_weekend_4,,,0,,6936661,0,0,,,
106910,weekend,106910_weekend_5,,,0,,6936661,0,0,,,
106910,weekend,106910_weekend_6,,,0,,6936661,0,0,,,
106910,weekend,106910_weekend_7,,,0,,6936661,0,0,,,
106910,weekend,106910_weekend_8,,,0,,6936661,0,0,,,
106910,weekend,106910_weekend_9,,,0,,6936661,0,0,,,
106910,weekend,106910_weekend_10,,,0,,6936661,0,0,,,
106910,weekend,106910_weekend_11,,,0,,6936661,0,0,,,
106910,weekend,106910_weekend_12,,,0,,6936661,0,0,,,
106910,weekend,106910_weekend_13,,,0,,6936661,0,0,,,
107100,weekend,107100_weekend_1,,,1,,6941021,0,0,,,
107100,weekend,107100_weekend_2,,,1,,6941021,0,0,,,
107100,weekend,107100_weekend_3,,,1,,6941021,0,0,,,
107100,weekend,107100_weekend_4,,,1,,6941021,0,0,,,
107100,weekend,107100_weekend_5,,,1,,6941021,0,0,,,
107100,weekend,107100_weekend_6,,,1,,6941021,0,0,,,
107100,weekend,107100_weekend_7,,,1,,6941021,0,0,,,
107100,weekend,107100_weekend_8,,,1,,6941021,0,0,,,
107100,weekend,107100_weekend_9,,,1,,6941021,0,0,,,
107100,weekend,107100_weekend_10,,,1,,6941021,0,0,,,
107100,weekend,107100_weekend_11,,,1,,6941021,0,0,,,
107100,weekend,107100_weekend_12,,,1,,6941021,0,0,,,
107110,weekend,107110_weekend_1,,,0,,6941017,0,0,,,
107110,weekend,107110_weekend_2,,,0,,6941017,0,0,,,
107110,weekend,107110_weekend_3,,,0,,6941017,0,0,,,
107110,weekend,107110_weekend_4,,,0,,6941017,0,0,,,
107110,weekend,107110_weekend_5,,,0,,6941017,0,0,,,
107110,weekend,107110_weekend_6,,,0,,6941017,0,0,,,
107110,weekend,107110_weekend_7,,,0,,6941017,0,0,,,
107110,weekend,107110_weekend_8,,,0,,6941017,0,0,,,
107110,weekend,107110_weekend_9,,,0,,6941017,0,0,,,
107110,weekend,107110_weekend_10,,,0,,6941017,0,0,,,
107110,weekend,107110_weekend_11,,,0,,6941017,0,0,,,
107110,weekend,107110_weekend_12,,,0,,6941017,0,0,,,
107600,weekend,107600_weekend_1,,,1,,6948751,0,0,,,
107600,weekend,107600_weekend_2,,,1,,6948751,0,0,,,
107600,weekend,107600_weekend_3,,,1,,6948751,0,0,,,
107600,weekend,107600_weekend_4,,,1,,6948751,0,0,,,
107600,weekend,107600_weekend_5,,,1,,6948751,0,0,,,
107610,weekend,107610_weekend_1,,,0,,6948750,0,0,,,
107610,weekend,107610_weekend_2,,,0,,6948750,0,0,,,
107610,weekend,107610_weekend_3,,,0,,6948750,0,0,,,
107700,weekend,107700_weekend_1,,,1,,6936829,0,0,,,
107700,weekend,107700_weekend_2,,,1,,6936829,0,0,,,
107700,weekend,107700_weekend_3,,,1,,6936829,0,0,,,
107710,weekend,107710_weekend_1,,,0,,6936828,0,0,,,
107710,weekend,107710_weekend_2,,,0,,6936828,0,0,,,
107710,weekend,107710_weekend_3,,,0,,6936828,0,0,,,
108500,weekend,108500_weekend_1,,,1,,6948831,0,0,,,
108500,weekend,108500_weekend_2,,,1,,6948831,0,0,,,
108510,weekend,108510_weekend_1,,,0,,6948830,0,0,,,
108510,weekend,108510_weekend_2,,,0,,6948830,0,0,,,
108700,weekend,108700_weekend_1,,,1,,6944403,0,0,,,
108700,weekend,108700_weekend_2,,,1,,6944403,0,0,,,
108700,weekend,108700_weekend_3,,,1,,6944403,0,0,,,
108700,weekend,108700_weekend_4,,,1,,6944403,0,0,,,
108700,weekend,108700_weekend_5,,,1,,6944403,0,0,,,
108710,weekend,108710_weekend_1,,,0,,6944399,0,0,,,
108710,weekend,108710_weekend_2,,,0,,6944399,0,0,,,
108710,weekend,108710_weekend_3,,,0,,6944399,0,0,,,
108710,weekend,108710_weekend_4,,,0,,6944399,0,0,,,
108710,weekend,108710_weekend_5,,,0,,6944399,0,0,,,
108710,weekend,108710_weekend_6,,,0,,6944399,0,0,,,
108710,weekend,108710_weekend_7,,,0,,6944399,0,0,,,
108800,weekend,108800_weekend_1,,,1,,6944402,0,0,,,
108800,weekend,108800_weekend_2,,,1,,6944402,0,0,,,
108800,weekend,108800_weekend_3,,,1,,6944402,0,0,,,
108800,weekend,108800_weekend_4,,,1,,6944402,0,0,,,
108810,weekend,108810_weekend_1,,,0,,6944400,0,0,,,
108810,weekend,108810_weekend_2,,,0,,6944400,0,0,,,
108810,weekend,108810_weekend_3,,,0,,6944400,0,0,,,
108810,weekend,108810_weekend_4,,,0,,6944400,0,0,,,
109000,weekend,109000_weekend_1,,,1,,6928275,0,0,,,
109000,weekend,109000_weekend_2,,,1,,6928275,0,0,,,
109000,weekend,109000_weekend_3,,,1,,6928275,0,0,,,
109010,weekend,109010_weekend_1,,,0,,6928274,0,0,,,
109010,weekend,109010_weekend_2,,,0,,6928274,0,0,,,
109010,weekend,109010_weekend_3,,,0,,6928274,0,0,,,
109100,weekend,109100_weekend_1,,,1,,6861834,0,0,,,
109100,weekend,109100_weekend_2,,,1,,6861834,0,0,,,
109100,weekend,109100_weekend_3,,,1,,6861834,0,0,,,
109100,weekend,109100_weekend_4,,,1,,6861834,0,0,,,
109110,weekend,109110_weekend_1,,,0,,6861835,0,0,,,
109110,weekend,109110_weekend_2,,,0,,6861835,0,0,,,
109110,weekend,109110_weekend_3,,,0,,6861835,0,0,,,
109200,weekend,109200_weekend_1,,,1,,6861869,0,0,,,
109200,weekend,109200_weekend_2,,,1,,6861869,0,0,,,
109200,weekend,109200_weekend_3,,,1,,6861869,0,0,,,
109200,weekend,109200_weekend_4,,,1,,6861869,0,0,,,
109210,weekend,109210_weekend_1,,,0,,6861867,0,0,,,
109210,weekend,109210_weekend_2,,,0,,6861867,0,0,,,
109210,weekend,109210_weekend_3,,,0,,6861867,0,0,,,
109210,weekend,109210_weekend_4,,,0,,6861867,0,0,,,
110100,weekend,110100_weekend_1,,,1,,6862612,0,0,,,
110100,weekend,110100_weekend_2,,,1,,6862612,0,0,,,
110100,weekend,110100_weekend_3,,,1,,6862612,0,0,,,
110100,weekend,110100_weekend_4,,,1,,6862612,0,0,,,
110100,weekend,110100_weekend_5,,,1,,6862612,0,0,,,
110100,weekend,110100_weekend_6,,,1,,6862612,0,0,,,
110100,weekend,110100_weekend_7,,,1,,6862612,0,0,,,
110100,weekend,110100_weekend_8,,,1,,6862612,0,0,,,
110100,weekend,110100_weekend_9,,,1,,6862612,0,0,,,
110100,weekend,110100_weekend_10,,,1,,6862612,0,0,,,
110100,weekend,110100_weekend_11,,,1,,6862612,0,0,,,
110100,weekend,110100_weekend_12,,,1,,6862612,0,0,,,
110110,weekend,110110_weekend_1,,,0,,6862611,0,0,,,
110110,weekend,110110_weekend_2,,,0,,6862611,0,0,,,
110110,weekend,110110_weekend_3,,,0,,6862611,0,0,,,
110110,weekend,110110_weekend_4,,,0,,6862611,0,0,,,
110110,weekend,110110_weekend_5,,,0,,6862611,0,0,,,
110110,weekend,110110_weekend_6,,,0,,6862611,0,0,,,
110110,weekend,110110_weekend_7,,,0,,6862611,0,0,,,
110110,weekend,110110_weekend_8,,,0,,6862611,0,0,,,
110110,weekend,110110_weekend_9,,,0,,6862611,0,0,,,
110110,weekend,110110_weekend_10,,,0,,6862611,0,0,,,
110110,weekend,110110_weekend_11,,,0,,6862611,0,0,,,
110200,weekend,110200_weekend_1,,,1,,6862667,0,0,,,
110200,weekend,110200_weekend_2,,,1,,6862667,0,0,,,
110200,weekend,110200_weekend_3,,,1,,6862667,0,0,,,
110200,weekend,110200_weekend_4,,,1,,6862667,0,0,,,
110200,weekend,110200_weekend_5,,,1,,6862667,0,0,,,
110200,weekend,110200_weekend_6,,,1,,6862667,0,0,,,
110200,weekend,110200_weekend_7,,,1,,6862667,0,0,,,
110200,weekend,110200_weekend_8,,,1,,6862667,0,0,,,
110200,weekend,110200_weekend_9,,,1,,6862667,0,0,,,
110200,weekend,110200_weekend_10,,,1,,6862667,0,0,,,
110200,weekend,110200_weekend_11,,,1,,6862667,0,0,,,
110200,weekend,110200_weekend_12,,,1,,6862667,0,0,,,
110210,weekend,110210_weekend_1,,,0,,6862666,0,0,,,
110210,weekend,110210_weekend_2,,,0,,6862666,0,0,,,
110210,weekend,110210_weekend_3,,,0,,6862666,0,0,,,
110210,weekend,110210_weekend_4,,,0,,6862666,0,0,,,
110210,weekend,110210_weekend_5,,,0,,6862666,0,0,,,
110210,weekend,110210_weekend_6,,,0,,6862666,0,0,,,
110210,weekend,110210_weekend_7,,,0,,6862666,0,0,,,
110210,weekend,110210_weekend_8,,,0,,6862666,0,0,,,
110210,weekend,110210_weekend_9,,,0,,6862666,0,0,,,
110210,weekend,110210_weekend_10,,,0,,6862666,0,0,,,
110210,weekend,110210_weekend_11,,,0,,6862666,0,0,,,
110210,weekend,110210_weekend_12,,,0,,6862666,0,0,,,
110210,weekend,110210_weekend_13,,,0,,6862666,0,0,,,
110300,weekend,110300_weekend_1,,,1,,6928215,0,0,,,
110300,weekend,110300_weekend_2,,,1,,6928215,0,0,,,
110310,weekend,110310_weekend_1,,,0,,6928214,0,0,,,
110310,weekend,110310_weekend_2,,,0,,6928214,0,0,,,
112110,weekend,112110_weekend_1,,,0,,6862687,0,0,,,
113700,weekend,113700_weekend_1,,,1,,6948829,0,0,,,
113700,weekend,113700_weekend_2,,,1,,6948829,0,0,,,
113700,weekend,113700_weekend_3,,,1,,6948829,0,0,,,
113700,weekend,113700_weekend_4,,,1,,6948829,0,0,,,
113710,weekend,113710_weekend_1,,,0,,6948828,0,0,,,
113710,weekend,113710_weekend_2,,,0,,6948828,0,0,,,
113710,weekend,113710_weekend_3,,,0,,6948828,0,0,,,
119010,weekend,119010_weekend_1,,,0,,6941013,0,0,,,
120000,weekend,120000_weekend_1,,,1,,6825710,0,0,,,
120200,weekend,120200_weekend_1,,,1,,6860319,0,0,,,
130100,weekend,130100_weekend_1,,,1,,6815582,0,0,,,
130100,weekend,130100_weekend_2,,,1,,6815582,0,0,,,
130100,weekend,130100_weekend_3,,,1,,6815582,0,0,,,
130100,weekend,130100_weekend_4,,,1,,6815582,0,0,,,
130100,weekend,130100_weekend_5,,,1,,6815582,0,0,,,
130100,weekend,130100_weekend_6,,,1,,6815582,0,0,,,
130100,weekend,130100_weekend_7,,,1,,6815582,0,0,,,
130100,weekend,130100_weekend_8,,,1,,6815582,0,0,,,
130110,weekend,130110_weekend_1,,,0,,6815747,0,0,,,
130110,weekend,130110_weekend_2,,,0,,6815747,0,0,,,
130110,weekend,130110_weekend_3,,,0,,6815747,0,0,,,
130110,weekend,130110_weekend_4,,,0,,6815747,0,0,,,
130110,weekend,130110_weekend_5,,,0,,6815747,0,0,,,
130110,weekend,130110_weekend_6,,,0,,6815747,0,0,,,
130110,weekend,130110_weekend_7,,,0,,6815747,0,0,,,
130110,weekend,130110_weekend_8,,,0,,6815747,0,0,,,
130110,weekend,130110_weekend_9,,,0,,6815747,0,0,,,
130110,weekend,130110_weekend_10,,,0,,6815747,0,0,,,
130210,weekend,130210_weekend_1,,,0,,6815753,0,0,,,
130300,weekend,130300_weekend_1,,,1,,6815637,0,0,,,
130300,weekend,130300_weekend_2,,,1,,6815637,0,0,,,
130310,weekend,130310_weekend_1,,,0,,6815765,0,0,,,
130310,weekend,130310_weekend_2,,,0,,6815765,0,0,,,
130400,weekend,130400_weekend_1,,,1,,6948904,0,0,,,
130500,weekend,130500_weekend_1,,,1,,6815644,0,0,,,
130510,weekend,130510_weekend_1,,,0,,6817346,0,0,,,
130600,weekend,130600_weekend_1,,,1,,6804984,0,0,,,
130600,weekend,130600_weekend_2,,,1,,6804984,0,0,,,
130600,weekend,130600_weekend_3,,,1,,6804984,0,0,,,
130610,weekend,130610_weekend_1,,,0,,6815708,0,0,,,
130610,weekend,130610_weekend_2,,,0,,6815708,0,0,,,
130610,weekend,130610_weekend_3,,,0,,6815708,0,0,,,
130700,weekend,130700_weekend_1,,,1,,6815672,0,0,,,
130710,weekend,130710_weekend_1,,,0,,6817343,0,0,,,
130800,weekend,130800_weekend_1,,,1,,6815582,0,0,,,
130810,weekend,130810_weekend_1,,,0,,6815747,0,0,,,
130900,weekend,130900_weekend_1,,,1,,6822618,0,0,,,
130900,weekend,130900_weekend_2,,,1,,6822618,0,0,,,
130900,weekend,130900_weekend_3,,,1,,6822618,0,0,,,
130900,weekend,130900_weekend_4,,,1,,6822618,0,0,,,
130900,weekend,130900_weekend_5,,,1,,6822618,0,0,,,
130900,weekend,130900_weekend_6,,,1,,6822618,0,0,,,
130900,weekend,130900_weekend_7,,,1,,6822618,0,0,,,
130900,weekend,130900_weekend_8,,,1,,6822618,0,0,,,
130900,weekend,130900_weekend_9,,,1,,6822618,0,0,,,
130900,weekend,130900_weekend_10,,,1,,6822618,0,0,,,
130900,weekend,130900_weekend_11,,,1,,6822618,0,0,,,
131100,weekend,131100_weekend_1,,,1,,6948717,0,0,,,
131100,weekend,131100_weekend_2,,,1,,6948717,0,0,,,
131100,weekend,131100_weekend_3,,,1,,6948717,0,0,,,
131100,weekend,131100_weekend_4,,,1,,6948717,0,0,,,
131100,weekend,131100_weekend_5,,,1,,6948717,0,0,,,
131100,weekend,131100_weekend_6,,,1,,6948717,0,0,,,
131100,weekend,131100_weekend_7,,,1,,6948717,0,0,,,
131100,weekend,131100_weekend_8,,,1,,6948717,0,0,,,
131110,weekend,131110_weekend_1,,,0,,6948716,0,0,,,
131110,weekend,131110_weekend_2,,,0,,6948716,0,0,,,
131110,weekend,131110_weekend_3,,,0,,6948716,0,0,,,
131110,weekend,131110_weekend_4,,,0,,6948716,0,0,,,
131110,weekend,131110_weekend_5,,,0,,6948716,0,0,,,
131110,weekend,131110_weekend_6,,,0,,6948716,0,0,,,
131110,weekend,131110_weekend_7,,,0,,6948716,0,0,,,
131110,weekend,131110_weekend_8,,,0,,6948716,0,0,,,
131110,weekend,131110_weekend_9,,,0,,6948716,0,0,,,
131110,weekend,131110_weekend_10,,,0,,6948716,0,0,,,
131110,weekend,131110_weekend_11,,,0,,6948716,0,0,,,
131700,weekend,131700_weekend_1,,,1,,6825624,0,0,,,
132200,weekend,132200_weekend_1,,,1,,6932506,0,0,,,
132200,weekend,132200_weekend_2,,,1,,6932506,0,0,,,
132200,weekend,132200_weekend_3,,,1,,6932506,0,0,,,
132200,weekend,132200_weekend_4,,,1,,6932506,0,0,,,
132200,weekend,132200_weekend_5,,,1,,6932506,0,0,,,
132200,weekend,132200_weekend_6,,,1,,6932506,0,0,,,
132200,weekend,132200_weekend_7,,,1,,6932506,0,0,,,
132200,weekend,132200_weekend_8,,,1,,6932506,0,0,,,
132200,weekend,132200_weekend_9,,,1,,6932506,0,0,,,
132200,weekend,132200_weekend_10,,,1,,6932506,0,0,,,
132200,weekend,132200_weekend_11,,,1,,6932506,0,0,,,
132200,weekend,132200_weekend_12,,,1,,6932506,0,0,,,
132210,weekend,132210_weekend_1,,,0,,6932505,0,0,,,
132210,weekend,132210_weekend_2,,,0,,6932505,0,0,,,
132210,weekend,132210_weekend_3,,,0,,6932505,0,0,,,
132210,weekend,132210_weekend_4,,,0,,6932505,0,0,,,
132210,weekend,132210_weekend_5,,,0,,6932505,0,0,,,
132210,weekend,132210_weekend_6,,,0,,6932505,0,0,,,
132210,weekend,132210_weekend_7,,,0,,6932505,0,0,,,
132210,weekend,132210_weekend_8,,,0,,6932505,0,0,,,
132210,weekend,132210_weekend_9,,,0,,6932505,0,0,,,
132210,weekend,132210_weekend_10,,,0,,6932505,0,0,,,
132210,weekend,132210_weekend_11,,,0,,6932505,0,0,,,
132210,weekend,132210_weekend_12,,,0,,6932505,0,0,,,
132610,weekend,132610_weekend_1,,,0,,6860092,0,0,,,
